s.colors15 <- c("#981349","#c12451","#e6424a","#f36342","#f6924e","#f7bd61","#fce77f","#f2f5a9","#dfef8c","#bae38b","#93d895","#6ccc9c","#4e9dad","#4777be","#564faa")

foldc.colors9 <- c("#415bb1","#596cbd","#9aa2d9","#c9cdea","#ffffff","#ecb7bf","#dd7a8c","#d0394e","#c21c2a")

## seven clusters
colors7=s.colors15[c(1,3,5,7,10,14,15)]

## dbd families
         ##       c2zf    krab       homeo     bhlh       bzip   forkhead   nulcRecep  Rest
j.colors10 <- c("#ff6633","#cc3431","#006766","#000000","#680033","#64cc33","#0033cd","#9999cc")

